p wcnf 16 364 17
1 -1 0
1 -2 0
1 -3 0
1 -4 0
1 -5 0
1 -6 0
1 -7 0
1 -8 0
1 -9 0
1 -10 0
1 -11 0
1 -12 0
1 -13 0
1 -14 0
1 -15 0
1 -16 0
17 -13 0
17 -14 0
17 -15 0
17 -16 0
17 -13 0
17 -6 -1 -2 3 5 7 9 10 11 0
17 -6 -1 2 -3 5 7 9 10 11 0
17 -6 1 -2 -3 5 7 9 10 11 0
17 -6 -1 2 3 -5 7 9 10 11 0
17 -6 1 -2 3 -5 7 9 10 11 0
17 -6 1 2 -3 -5 7 9 10 11 0
17 -6 -1 2 3 5 -7 9 10 11 0
17 -6 1 -2 3 5 -7 9 10 11 0
17 -6 1 2 -3 5 -7 9 10 11 0
17 -6 1 2 3 -5 -7 9 10 11 0
17 -6 -1 2 3 5 7 -9 10 11 0
17 -6 1 -2 3 5 7 -9 10 11 0
17 -6 1 2 -3 5 7 -9 10 11 0
17 -6 1 2 3 -5 7 -9 10 11 0
17 -6 1 2 3 5 -7 -9 10 11 0
17 -6 -1 2 3 5 7 9 -10 11 0
17 -6 1 -2 3 5 7 9 -10 11 0
17 -6 1 2 -3 5 7 9 -10 11 0
17 -6 1 2 3 -5 7 9 -10 11 0
17 -6 1 2 3 5 -7 9 -10 11 0
17 -6 1 2 3 5 7 -9 -10 11 0
17 -6 -1 2 3 5 7 9 10 -11 0
17 -6 1 -2 3 5 7 9 10 -11 0
17 -6 1 2 -3 5 7 9 10 -11 0
17 -6 1 2 3 -5 7 9 10 -11 0
17 -6 1 2 3 5 -7 9 10 -11 0
17 -6 1 2 3 5 7 -9 10 -11 0
17 -6 1 2 3 5 7 9 -10 -11 0
17 6 -1 -2 -3 5 7 9 10 11 0
17 6 -1 -2 3 -5 7 9 10 11 0
17 6 -1 2 -3 -5 7 9 10 11 0
17 6 1 -2 -3 -5 7 9 10 11 0
17 6 -1 -2 3 5 -7 9 10 11 0
17 6 -1 2 -3 5 -7 9 10 11 0
17 6 1 -2 -3 5 -7 9 10 11 0
17 6 -1 2 3 -5 -7 9 10 11 0
17 6 1 -2 3 -5 -7 9 10 11 0
17 6 1 2 -3 -5 -7 9 10 11 0
17 6 -1 -2 3 5 7 -9 10 11 0
17 6 -1 2 -3 5 7 -9 10 11 0
17 6 1 -2 -3 5 7 -9 10 11 0
17 6 -1 2 3 -5 7 -9 10 11 0
17 6 1 -2 3 -5 7 -9 10 11 0
17 6 1 2 -3 -5 7 -9 10 11 0
17 6 -1 2 3 5 -7 -9 10 11 0
17 6 1 -2 3 5 -7 -9 10 11 0
17 6 1 2 -3 5 -7 -9 10 11 0
17 6 1 2 3 -5 -7 -9 10 11 0
17 6 -1 -2 3 5 7 9 -10 11 0
17 6 -1 2 -3 5 7 9 -10 11 0
17 6 1 -2 -3 5 7 9 -10 11 0
17 6 -1 2 3 -5 7 9 -10 11 0
17 6 1 -2 3 -5 7 9 -10 11 0
17 6 1 2 -3 -5 7 9 -10 11 0
17 6 -1 2 3 5 -7 9 -10 11 0
17 6 1 -2 3 5 -7 9 -10 11 0
17 6 1 2 -3 5 -7 9 -10 11 0
17 6 1 2 3 -5 -7 9 -10 11 0
17 6 -1 2 3 5 7 -9 -10 11 0
17 6 1 -2 3 5 7 -9 -10 11 0
17 6 1 2 -3 5 7 -9 -10 11 0
17 6 1 2 3 -5 7 -9 -10 11 0
17 6 1 2 3 5 -7 -9 -10 11 0
17 6 -1 -2 3 5 7 9 10 -11 0
17 6 -1 2 -3 5 7 9 10 -11 0
17 6 1 -2 -3 5 7 9 10 -11 0
17 6 -1 2 3 -5 7 9 10 -11 0
17 6 1 -2 3 -5 7 9 10 -11 0
17 6 1 2 -3 -5 7 9 10 -11 0
17 6 -1 2 3 5 -7 9 10 -11 0
17 6 1 -2 3 5 -7 9 10 -11 0
17 6 1 2 -3 5 -7 9 10 -11 0
17 6 1 2 3 -5 -7 9 10 -11 0
17 6 -1 2 3 5 7 -9 10 -11 0
17 6 1 -2 3 5 7 -9 10 -11 0
17 6 1 2 -3 5 7 -9 10 -11 0
17 6 1 2 3 -5 7 -9 10 -11 0
17 6 1 2 3 5 -7 -9 10 -11 0
17 6 -1 2 3 5 7 9 -10 -11 0
17 6 1 -2 3 5 7 9 -10 -11 0
17 6 1 2 -3 5 7 9 -10 -11 0
17 6 1 2 3 -5 7 9 -10 -11 0
17 6 1 2 3 5 -7 9 -10 -11 0
17 6 1 2 3 5 7 -9 -10 -11 0
17 -7 -2 -3 4 6 8 10 11 12 0
17 -7 -2 3 -4 6 8 10 11 12 0
17 -7 2 -3 -4 6 8 10 11 12 0
17 -7 -2 3 4 -6 8 10 11 12 0
17 -7 2 -3 4 -6 8 10 11 12 0
17 -7 2 3 -4 -6 8 10 11 12 0
17 -7 -2 3 4 6 -8 10 11 12 0
17 -7 2 -3 4 6 -8 10 11 12 0
17 -7 2 3 -4 6 -8 10 11 12 0
17 -7 2 3 4 -6 -8 10 11 12 0
17 -7 -2 3 4 6 8 -10 11 12 0
17 -7 2 -3 4 6 8 -10 11 12 0
17 -7 2 3 -4 6 8 -10 11 12 0
17 -7 2 3 4 -6 8 -10 11 12 0
17 -7 2 3 4 6 -8 -10 11 12 0
17 -7 -2 3 4 6 8 10 -11 12 0
17 -7 2 -3 4 6 8 10 -11 12 0
17 -7 2 3 -4 6 8 10 -11 12 0
17 -7 2 3 4 -6 8 10 -11 12 0
17 -7 2 3 4 6 -8 10 -11 12 0
17 -7 2 3 4 6 8 -10 -11 12 0
17 -7 -2 3 4 6 8 10 11 -12 0
17 -7 2 -3 4 6 8 10 11 -12 0
17 -7 2 3 -4 6 8 10 11 -12 0
17 -7 2 3 4 -6 8 10 11 -12 0
17 -7 2 3 4 6 -8 10 11 -12 0
17 -7 2 3 4 6 8 -10 11 -12 0
17 -7 2 3 4 6 8 10 -11 -12 0
17 7 -2 -3 -4 6 8 10 11 12 0
17 7 -2 -3 4 -6 8 10 11 12 0
17 7 -2 3 -4 -6 8 10 11 12 0
17 7 2 -3 -4 -6 8 10 11 12 0
17 7 -2 -3 4 6 -8 10 11 12 0
17 7 -2 3 -4 6 -8 10 11 12 0
17 7 2 -3 -4 6 -8 10 11 12 0
17 7 -2 3 4 -6 -8 10 11 12 0
17 7 2 -3 4 -6 -8 10 11 12 0
17 7 2 3 -4 -6 -8 10 11 12 0
17 7 -2 -3 4 6 8 -10 11 12 0
17 7 -2 3 -4 6 8 -10 11 12 0
17 7 2 -3 -4 6 8 -10 11 12 0
17 7 -2 3 4 -6 8 -10 11 12 0
17 7 2 -3 4 -6 8 -10 11 12 0
17 7 2 3 -4 -6 8 -10 11 12 0
17 7 -2 3 4 6 -8 -10 11 12 0
17 7 2 -3 4 6 -8 -10 11 12 0
17 7 2 3 -4 6 -8 -10 11 12 0
17 7 2 3 4 -6 -8 -10 11 12 0
17 7 -2 -3 4 6 8 10 -11 12 0
17 7 -2 3 -4 6 8 10 -11 12 0
17 7 2 -3 -4 6 8 10 -11 12 0
17 7 -2 3 4 -6 8 10 -11 12 0
17 7 2 -3 4 -6 8 10 -11 12 0
17 7 2 3 -4 -6 8 10 -11 12 0
17 7 -2 3 4 6 -8 10 -11 12 0
17 7 2 -3 4 6 -8 10 -11 12 0
17 7 2 3 -4 6 -8 10 -11 12 0
17 7 2 3 4 -6 -8 10 -11 12 0
17 7 -2 3 4 6 8 -10 -11 12 0
17 7 2 -3 4 6 8 -10 -11 12 0
17 7 2 3 -4 6 8 -10 -11 12 0
17 7 2 3 4 -6 8 -10 -11 12 0
17 7 2 3 4 6 -8 -10 -11 12 0
17 7 -2 -3 4 6 8 10 11 -12 0
17 7 -2 3 -4 6 8 10 11 -12 0
17 7 2 -3 -4 6 8 10 11 -12 0
17 7 -2 3 4 -6 8 10 11 -12 0
17 7 2 -3 4 -6 8 10 11 -12 0
17 7 2 3 -4 -6 8 10 11 -12 0
17 7 -2 3 4 6 -8 10 11 -12 0
17 7 2 -3 4 6 -8 10 11 -12 0
17 7 2 3 -4 6 -8 10 11 -12 0
17 7 2 3 4 -6 -8 10 11 -12 0
17 7 -2 3 4 6 8 -10 11 -12 0
17 7 2 -3 4 6 8 -10 11 -12 0
17 7 2 3 -4 6 8 -10 11 -12 0
17 7 2 3 4 -6 8 -10 11 -12 0
17 7 2 3 4 6 -8 -10 11 -12 0
17 7 -2 3 4 6 8 10 -11 -12 0
17 7 2 -3 4 6 8 10 -11 -12 0
17 7 2 3 -4 6 8 10 -11 -12 0
17 7 2 3 4 -6 8 10 -11 -12 0
17 7 2 3 4 6 -8 10 -11 -12 0
17 7 2 3 4 6 8 -10 -11 -12 0
17 -8 -3 -4 5 7 9 11 12 13 0
17 -8 -3 4 -5 7 9 11 12 13 0
17 -8 3 -4 -5 7 9 11 12 13 0
17 -8 -3 4 5 -7 9 11 12 13 0
17 -8 3 -4 5 -7 9 11 12 13 0
17 -8 3 4 -5 -7 9 11 12 13 0
17 -8 -3 4 5 7 -9 11 12 13 0
17 -8 3 -4 5 7 -9 11 12 13 0
17 -8 3 4 -5 7 -9 11 12 13 0
17 -8 3 4 5 -7 -9 11 12 13 0
17 -8 -3 4 5 7 9 -11 12 13 0
17 -8 3 -4 5 7 9 -11 12 13 0
17 -8 3 4 -5 7 9 -11 12 13 0
17 -8 3 4 5 -7 9 -11 12 13 0
17 -8 3 4 5 7 -9 -11 12 13 0
17 -8 -3 4 5 7 9 11 -12 13 0
17 -8 3 -4 5 7 9 11 -12 13 0
17 -8 3 4 -5 7 9 11 -12 13 0
17 -8 3 4 5 -7 9 11 -12 13 0
17 -8 3 4 5 7 -9 11 -12 13 0
17 -8 3 4 5 7 9 -11 -12 13 0
17 -8 -3 4 5 7 9 11 12 -13 0
17 -8 3 -4 5 7 9 11 12 -13 0
17 -8 3 4 -5 7 9 11 12 -13 0
17 -8 3 4 5 -7 9 11 12 -13 0
17 -8 3 4 5 7 -9 11 12 -13 0
17 -8 3 4 5 7 9 -11 12 -13 0
17 -8 3 4 5 7 9 11 -12 -13 0
17 8 -3 -4 -5 7 9 11 12 13 0
17 8 -3 -4 5 -7 9 11 12 13 0
17 8 -3 4 -5 -7 9 11 12 13 0
17 8 3 -4 -5 -7 9 11 12 13 0
17 8 -3 -4 5 7 -9 11 12 13 0
17 8 -3 4 -5 7 -9 11 12 13 0
17 8 3 -4 -5 7 -9 11 12 13 0
17 8 -3 4 5 -7 -9 11 12 13 0
17 8 3 -4 5 -7 -9 11 12 13 0
17 8 3 4 -5 -7 -9 11 12 13 0
17 8 -3 -4 5 7 9 -11 12 13 0
17 8 -3 4 -5 7 9 -11 12 13 0
17 8 3 -4 -5 7 9 -11 12 13 0
17 8 -3 4 5 -7 9 -11 12 13 0
17 8 3 -4 5 -7 9 -11 12 13 0
17 8 3 4 -5 -7 9 -11 12 13 0
17 8 -3 4 5 7 -9 -11 12 13 0
17 8 3 -4 5 7 -9 -11 12 13 0
17 8 3 4 -5 7 -9 -11 12 13 0
17 8 3 4 5 -7 -9 -11 12 13 0
17 8 -3 -4 5 7 9 11 -12 13 0
17 8 -3 4 -5 7 9 11 -12 13 0
17 8 3 -4 -5 7 9 11 -12 13 0
17 8 -3 4 5 -7 9 11 -12 13 0
17 8 3 -4 5 -7 9 11 -12 13 0
17 8 3 4 -5 -7 9 11 -12 13 0
17 8 -3 4 5 7 -9 11 -12 13 0
17 8 3 -4 5 7 -9 11 -12 13 0
17 8 3 4 -5 7 -9 11 -12 13 0
17 8 3 4 5 -7 -9 11 -12 13 0
17 8 -3 4 5 7 9 -11 -12 13 0
17 8 3 -4 5 7 9 -11 -12 13 0
17 8 3 4 -5 7 9 -11 -12 13 0
17 8 3 4 5 -7 9 -11 -12 13 0
17 8 3 4 5 7 -9 -11 -12 13 0
17 8 -3 -4 5 7 9 11 12 -13 0
17 8 -3 4 -5 7 9 11 12 -13 0
17 8 3 -4 -5 7 9 11 12 -13 0
17 8 -3 4 5 -7 9 11 12 -13 0
17 8 3 -4 5 -7 9 11 12 -13 0
17 8 3 4 -5 -7 9 11 12 -13 0
17 8 -3 4 5 7 -9 11 12 -13 0
17 8 3 -4 5 7 -9 11 12 -13 0
17 8 3 4 -5 7 -9 11 12 -13 0
17 8 3 4 5 -7 -9 11 12 -13 0
17 8 -3 4 5 7 9 -11 12 -13 0
17 8 3 -4 5 7 9 -11 12 -13 0
17 8 3 4 -5 7 9 -11 12 -13 0
17 8 3 4 5 -7 9 -11 12 -13 0
17 8 3 4 5 7 -9 -11 12 -13 0
17 8 -3 4 5 7 9 11 -12 -13 0
17 8 3 -4 5 7 9 11 -12 -13 0
17 8 3 4 -5 7 9 11 -12 -13 0
17 8 3 4 5 -7 9 11 -12 -13 0
17 8 3 4 5 7 -9 11 -12 -13 0
17 8 3 4 5 7 9 -11 -12 -13 0
17 -13 0
17 -10 -5 -6 7 9 11 13 14 15 0
17 -10 -5 6 -7 9 11 13 14 15 0
17 -10 5 -6 -7 9 11 13 14 15 0
17 -10 -5 6 7 -9 11 13 14 15 0
17 -10 5 -6 7 -9 11 13 14 15 0
17 -10 5 6 -7 -9 11 13 14 15 0
17 -10 -5 6 7 9 -11 13 14 15 0
17 -10 5 -6 7 9 -11 13 14 15 0
17 -10 5 6 -7 9 -11 13 14 15 0
17 -10 5 6 7 -9 -11 13 14 15 0
17 -10 -5 6 7 9 11 -13 14 15 0
17 -10 5 -6 7 9 11 -13 14 15 0
17 -10 5 6 -7 9 11 -13 14 15 0
17 -10 5 6 7 -9 11 -13 14 15 0
17 -10 5 6 7 9 -11 -13 14 15 0
17 -10 -5 6 7 9 11 13 -14 15 0
17 -10 5 -6 7 9 11 13 -14 15 0
17 -10 5 6 -7 9 11 13 -14 15 0
17 -10 5 6 7 -9 11 13 -14 15 0
17 -10 5 6 7 9 -11 13 -14 15 0
17 -10 5 6 7 9 11 -13 -14 15 0
17 -10 -5 6 7 9 11 13 14 -15 0
17 -10 5 -6 7 9 11 13 14 -15 0
17 -10 5 6 -7 9 11 13 14 -15 0
17 -10 5 6 7 -9 11 13 14 -15 0
17 -10 5 6 7 9 -11 13 14 -15 0
17 -10 5 6 7 9 11 -13 14 -15 0
17 -10 5 6 7 9 11 13 -14 -15 0
17 10 -5 -6 -7 9 11 13 14 15 0
17 10 -5 -6 7 -9 11 13 14 15 0
17 10 -5 6 -7 -9 11 13 14 15 0
17 10 5 -6 -7 -9 11 13 14 15 0
17 10 -5 -6 7 9 -11 13 14 15 0
17 10 -5 6 -7 9 -11 13 14 15 0
17 10 5 -6 -7 9 -11 13 14 15 0
17 10 -5 6 7 -9 -11 13 14 15 0
17 10 5 -6 7 -9 -11 13 14 15 0
17 10 5 6 -7 -9 -11 13 14 15 0
17 10 -5 -6 7 9 11 -13 14 15 0
17 10 -5 6 -7 9 11 -13 14 15 0
17 10 5 -6 -7 9 11 -13 14 15 0
17 10 -5 6 7 -9 11 -13 14 15 0
17 10 5 -6 7 -9 11 -13 14 15 0
17 10 5 6 -7 -9 11 -13 14 15 0
17 10 -5 6 7 9 -11 -13 14 15 0
17 10 5 -6 7 9 -11 -13 14 15 0
17 10 5 6 -7 9 -11 -13 14 15 0
17 10 5 6 7 -9 -11 -13 14 15 0
17 10 -5 -6 7 9 11 13 -14 15 0
17 10 -5 6 -7 9 11 13 -14 15 0
17 10 5 -6 -7 9 11 13 -14 15 0
17 10 -5 6 7 -9 11 13 -14 15 0
17 10 5 -6 7 -9 11 13 -14 15 0
17 10 5 6 -7 -9 11 13 -14 15 0
17 10 -5 6 7 9 -11 13 -14 15 0
17 10 5 -6 7 9 -11 13 -14 15 0
17 10 5 6 -7 9 -11 13 -14 15 0
17 10 5 6 7 -9 -11 13 -14 15 0
17 10 -5 6 7 9 11 -13 -14 15 0
17 10 5 -6 7 9 11 -13 -14 15 0
17 10 5 6 -7 9 11 -13 -14 15 0
17 10 5 6 7 -9 11 -13 -14 15 0
17 10 5 6 7 9 -11 -13 -14 15 0
17 10 -5 -6 7 9 11 13 14 -15 0
17 10 -5 6 -7 9 11 13 14 -15 0
17 10 5 -6 -7 9 11 13 14 -15 0
17 10 -5 6 7 -9 11 13 14 -15 0
17 10 5 -6 7 -9 11 13 14 -15 0
17 10 5 6 -7 -9 11 13 14 -15 0
17 10 -5 6 7 9 -11 13 14 -15 0
17 10 5 -6 7 9 -11 13 14 -15 0
17 10 5 6 -7 9 -11 13 14 -15 0
17 10 5 6 7 -9 -11 13 14 -15 0
17 10 -5 6 7 9 11 -13 14 -15 0
17 10 5 -6 7 9 11 -13 14 -15 0
17 10 5 6 -7 9 11 -13 14 -15 0
17 10 5 6 7 -9 11 -13 14 -15 0
17 10 5 6 7 9 -11 -13 14 -15 0
17 10 -5 6 7 9 11 13 -14 -15 0
17 10 5 -6 7 9 11 13 -14 -15 0
17 10 5 6 -7 9 11 13 -14 -15 0
17 10 5 6 7 -9 11 13 -14 -15 0
17 10 5 6 7 9 -11 13 -14 -15 0
17 10 5 6 7 9 11 -13 -14 -15 0
17 -11 -6 -7 8 10 12 14 15 16 0
17 -11 -6 7 -8 10 12 14 15 16 0
17 -11 6 -7 -8 10 12 14 15 16 0
17 -11 -6 7 8 -10 12 14 15 16 0
17 -11 6 -7 8 -10 12 14 15 16 0
17 -11 6 7 -8 -10 12 14 15 16 0
17 -11 -6 7 8 10 -12 14 15 16 0
17 -11 6 -7 8 10 -12 14 15 16 0
17 -11 6 7 -8 10 -12 14 15 16 0
17 -11 6 7 8 -10 -12 14 15 16 0
17 -11 -6 7 8 10 12 -14 15 16 0
17 -11 6 -7 8 10 12 -14 15 16 0
17 -11 6 7 -8 10 12 -14 15 16 0
17 -11 6 7 8 -10 12 -14 15 16 0
17 -11 6 7 8 10 -12 -14 15 16 0
17 -11 -6 7 8 10 12 14 -15 16 0
17 -11 6 -7 8 10 12 14 -15 16 0
17 -11 6 7 -8 10 12 14 -15 16 0
17 -11 6 7 8 -10 12 14 -15 16 0
17 -11 6 7 8 10 -12 14 -15 16 0
17 -11 6 7 8 10 12 -14 -15 16 0
17 -11 -6 7 8 10 12 14 15 -16 0
17 -11 6 -7 8 10 12 14 15 -16 0
17 -11 6 7 -8 10 12 14 15 -16 0
17 -11 6 7 8 -10 12 14 15 -16 0
17 -11 6 7 8 10 -12 14 15 -16 0
17 -11 6 7 8 10 12 -14 15 -16 0
17 -11 6 7 8 10 12 14 -15 -16 0
17 11 -6 -7 -8 10 12 14 15 16 0
17 11 -6 -7 8 -10 12 14 15 16 0
17 11 -6 7 -8 -10 12 14 15 16 0
17 11 6 -7 -8 -10 12 14 15 16 0
17 11 -6 -7 8 10 -12 14 15 16 0
17 11 -6 7 -8 10 -12 14 15 16 0
17 11 6 -7 -8 10 -12 14 15 16 0
17 11 -6 7 8 -10 -12 14 15 16 0
17 11 6 -7 8 -10 -12 14 15 16 0
17 11 6 7 -8 -10 -12 14 15 16 0
17 11 -6 -7 8 10 12 -14 15 16 0
17 11 -6 7 -8 10 12 -14 15 16 0
17 11 6 -7 -8 10 12 -14 15 16 0
17 11 -6 7 8 -10 12 -14 15 16 0
17 11 6 -7 8 -10 12 -14 15 16 0
17 11 6 7 -8 -10 12 -14 15 16 0
17 11 -6 7 8 10 -12 -14 15 16 0
17 11 6 -7 8 10 -12 -14 15 16 0
17 11 6 7 -8 10 -12 -14 15 16 0
17 11 6 7 8 -10 -12 -14 15 16 0
17 11 -6 -7 8 10 12 14 -15 16 0
17 11 -6 7 -8 10 12 14 -15 16 0
17 11 6 -7 -8 10 12 14 -15 16 0
17 11 -6 7 8 -10 12 14 -15 16 0
17 11 6 -7 8 -10 12 14 -15 16 0
17 11 6 7 -8 -10 12 14 -15 16 0
17 11 -6 7 8 10 -12 14 -15 16 0
17 11 6 -7 8 10 -12 14 -15 16 0
17 11 6 7 -8 10 -12 14 -15 16 0
17 11 6 7 8 -10 -12 14 -15 16 0
17 11 -6 7 8 10 12 -14 -15 16 0
17 11 6 -7 8 10 12 -14 -15 16 0
17 11 6 7 -8 10 12 -14 -15 16 0
17 11 6 7 8 -10 12 -14 -15 16 0
17 11 6 7 8 10 -12 -14 -15 16 0
17 11 -6 -7 8 10 12 14 15 -16 0
17 11 -6 7 -8 10 12 14 15 -16 0
17 11 6 -7 -8 10 12 14 15 -16 0
17 11 -6 7 8 -10 12 14 15 -16 0
17 11 6 -7 8 -10 12 14 15 -16 0
17 11 6 7 -8 -10 12 14 15 -16 0
17 11 -6 7 8 10 -12 14 15 -16 0
17 11 6 -7 8 10 -12 14 15 -16 0
17 11 6 7 -8 10 -12 14 15 -16 0
17 11 6 7 8 -10 -12 14 15 -16 0
17 11 -6 7 8 10 12 -14 15 -16 0
17 11 6 -7 8 10 12 -14 15 -16 0
17 11 6 7 -8 10 12 -14 15 -16 0
17 11 6 7 8 -10 12 -14 15 -16 0
17 11 6 7 8 10 -12 -14 15 -16 0
17 11 -6 7 8 10 12 14 -15 -16 0
17 11 6 -7 8 10 12 14 -15 -16 0
17 11 6 7 -8 10 12 14 -15 -16 0
17 11 6 7 8 -10 12 14 -15 -16 0
17 11 6 7 8 10 -12 14 -15 -16 0
17 11 6 7 8 10 12 -14 -15 -16 0
17 -12 -7 -8 9 11 13 15 16 17 0
17 -12 -7 8 -9 11 13 15 16 17 0
17 -12 7 -8 -9 11 13 15 16 17 0
17 -12 -7 8 9 -11 13 15 16 17 0
17 -12 7 -8 9 -11 13 15 16 17 0
17 -12 7 8 -9 -11 13 15 16 17 0
17 -12 -7 8 9 11 -13 15 16 17 0
17 -12 7 -8 9 11 -13 15 16 17 0
17 -12 7 8 -9 11 -13 15 16 17 0
17 -12 7 8 9 -11 -13 15 16 17 0
17 -12 -7 8 9 11 13 -15 16 17 0
17 -12 7 -8 9 11 13 -15 16 17 0
17 -12 7 8 -9 11 13 -15 16 17 0
17 -12 7 8 9 -11 13 -15 16 17 0
17 -12 7 8 9 11 -13 -15 16 17 0
17 -12 -7 8 9 11 13 15 -16 17 0
17 -12 7 -8 9 11 13 15 -16 17 0
17 -12 7 8 -9 11 13 15 -16 17 0
17 -12 7 8 9 -11 13 15 -16 17 0
17 -12 7 8 9 11 -13 15 -16 17 0
17 -12 7 8 9 11 13 -15 -16 17 0
17 -12 -7 8 9 11 13 15 16 -17 0
17 -12 7 -8 9 11 13 15 16 -17 0
17 -12 7 8 -9 11 13 15 16 -17 0
17 -12 7 8 9 -11 13 15 16 -17 0
17 -12 7 8 9 11 -13 15 16 -17 0
17 -12 7 8 9 11 13 -15 16 -17 0
17 -12 7 8 9 11 13 15 -16 -17 0
17 12 -7 -8 -9 11 13 15 16 17 0
17 12 -7 -8 9 -11 13 15 16 17 0
17 12 -7 8 -9 -11 13 15 16 17 0
17 12 7 -8 -9 -11 13 15 16 17 0
17 12 -7 -8 9 11 -13 15 16 17 0
17 12 -7 8 -9 11 -13 15 16 17 0
17 12 7 -8 -9 11 -13 15 16 17 0
17 12 -7 8 9 -11 -13 15 16 17 0
17 12 7 -8 9 -11 -13 15 16 17 0
17 12 7 8 -9 -11 -13 15 16 17 0
17 12 -7 -8 9 11 13 -15 16 17 0
17 12 -7 8 -9 11 13 -15 16 17 0
17 12 7 -8 -9 11 13 -15 16 17 0
17 12 -7 8 9 -11 13 -15 16 17 0
17 12 7 -8 9 -11 13 -15 16 17 0
17 12 7 8 -9 -11 13 -15 16 17 0
17 12 -7 8 9 11 -13 -15 16 17 0
17 12 7 -8 9 11 -13 -15 16 17 0
17 12 7 8 -9 11 -13 -15 16 17 0
17 12 7 8 9 -11 -13 -15 16 17 0
17 12 -7 -8 9 11 13 15 -16 17 0
17 12 -7 8 -9 11 13 15 -16 17 0
17 12 7 -8 -9 11 13 15 -16 17 0
17 12 -7 8 9 -11 13 15 -16 17 0
17 12 7 -8 9 -11 13 15 -16 17 0
17 12 7 8 -9 -11 13 15 -16 17 0
17 12 -7 8 9 11 -13 15 -16 17 0
17 12 7 -8 9 11 -13 15 -16 17 0
17 12 7 8 -9 11 -13 15 -16 17 0
17 12 7 8 9 -11 -13 15 -16 17 0
17 12 -7 8 9 11 13 -15 -16 17 0
17 12 7 -8 9 11 13 -15 -16 17 0
17 12 7 8 -9 11 13 -15 -16 17 0
17 12 7 8 9 -11 13 -15 -16 17 0
17 12 7 8 9 11 -13 -15 -16 17 0
17 12 -7 -8 9 11 13 15 16 -17 0
17 12 -7 8 -9 11 13 15 16 -17 0
17 12 7 -8 -9 11 13 15 16 -17 0
17 12 -7 8 9 -11 13 15 16 -17 0
17 12 7 -8 9 -11 13 15 16 -17 0
17 12 7 8 -9 -11 13 15 16 -17 0
17 12 -7 8 9 11 -13 15 16 -17 0
17 12 7 -8 9 11 -13 15 16 -17 0
17 12 7 8 -9 11 -13 15 16 -17 0
17 12 7 8 9 -11 -13 15 16 -17 0
17 12 -7 8 9 11 13 -15 16 -17 0
17 12 7 -8 9 11 13 -15 16 -17 0
17 12 7 8 -9 11 13 -15 16 -17 0
17 12 7 8 9 -11 13 -15 16 -17 0
17 12 7 8 9 11 -13 -15 16 -17 0
17 12 -7 8 9 11 13 15 -16 -17 0
17 12 7 -8 9 11 13 15 -16 -17 0
17 12 7 8 -9 11 13 15 -16 -17 0
17 12 7 8 9 -11 13 15 -16 -17 0
17 12 7 8 9 11 -13 15 -16 -17 0
17 12 7 8 9 11 13 -15 -16 -17 0
17 -13 0
17 -14 -9 -10 11 13 15 17 18 19 0
17 -14 -9 10 -11 13 15 17 18 19 0
17 -14 9 -10 -11 13 15 17 18 19 0
17 -14 -9 10 11 -13 15 17 18 19 0
17 -14 9 -10 11 -13 15 17 18 19 0
17 -14 9 10 -11 -13 15 17 18 19 0
17 -14 -9 10 11 13 -15 17 18 19 0
17 -14 9 -10 11 13 -15 17 18 19 0
17 -14 9 10 -11 13 -15 17 18 19 0
17 -14 9 10 11 -13 -15 17 18 19 0
17 -14 -9 10 11 13 15 -17 18 19 0
17 -14 9 -10 11 13 15 -17 18 19 0
17 -14 9 10 -11 13 15 -17 18 19 0
17 -14 9 10 11 -13 15 -17 18 19 0
17 -14 9 10 11 13 -15 -17 18 19 0
17 -14 -9 10 11 13 15 17 -18 19 0
17 -14 9 -10 11 13 15 17 -18 19 0
17 -14 9 10 -11 13 15 17 -18 19 0
17 -14 9 10 11 -13 15 17 -18 19 0
17 -14 9 10 11 13 -15 17 -18 19 0
17 -14 9 10 11 13 15 -17 -18 19 0
17 -14 -9 10 11 13 15 17 18 -19 0
17 -14 9 -10 11 13 15 17 18 -19 0
17 -14 9 10 -11 13 15 17 18 -19 0
17 -14 9 10 11 -13 15 17 18 -19 0
17 -14 9 10 11 13 -15 17 18 -19 0
17 -14 9 10 11 13 15 -17 18 -19 0
17 -14 9 10 11 13 15 17 -18 -19 0
17 14 -9 -10 -11 13 15 17 18 19 0
17 14 -9 -10 11 -13 15 17 18 19 0
17 14 -9 10 -11 -13 15 17 18 19 0
17 14 9 -10 -11 -13 15 17 18 19 0
17 14 -9 -10 11 13 -15 17 18 19 0
17 14 -9 10 -11 13 -15 17 18 19 0
17 14 9 -10 -11 13 -15 17 18 19 0
17 14 -9 10 11 -13 -15 17 18 19 0
17 14 9 -10 11 -13 -15 17 18 19 0
17 14 9 10 -11 -13 -15 17 18 19 0
17 14 -9 -10 11 13 15 -17 18 19 0
17 14 -9 10 -11 13 15 -17 18 19 0
17 14 9 -10 -11 13 15 -17 18 19 0
17 14 -9 10 11 -13 15 -17 18 19 0
17 14 9 -10 11 -13 15 -17 18 19 0
17 14 9 10 -11 -13 15 -17 18 19 0
17 14 -9 10 11 13 -15 -17 18 19 0
17 14 9 -10 11 13 -15 -17 18 19 0
17 14 9 10 -11 13 -15 -17 18 19 0
17 14 9 10 11 -13 -15 -17 18 19 0
17 14 -9 -10 11 13 15 17 -18 19 0
17 14 -9 10 -11 13 15 17 -18 19 0
17 14 9 -10 -11 13 15 17 -18 19 0
17 14 -9 10 11 -13 15 17 -18 19 0
17 14 9 -10 11 -13 15 17 -18 19 0
17 14 9 10 -11 -13 15 17 -18 19 0
17 14 -9 10 11 13 -15 17 -18 19 0
17 14 9 -10 11 13 -15 17 -18 19 0
17 14 9 10 -11 13 -15 17 -18 19 0
17 14 9 10 11 -13 -15 17 -18 19 0
17 14 -9 10 11 13 15 -17 -18 19 0
17 14 9 -10 11 13 15 -17 -18 19 0
17 14 9 10 -11 13 15 -17 -18 19 0
17 14 9 10 11 -13 15 -17 -18 19 0
17 14 9 10 11 13 -15 -17 -18 19 0
17 14 -9 -10 11 13 15 17 18 -19 0
17 14 -9 10 -11 13 15 17 18 -19 0
17 14 9 -10 -11 13 15 17 18 -19 0
17 14 -9 10 11 -13 15 17 18 -19 0
17 14 9 -10 11 -13 15 17 18 -19 0
17 14 9 10 -11 -13 15 17 18 -19 0
17 14 -9 10 11 13 -15 17 18 -19 0
17 14 9 -10 11 13 -15 17 18 -19 0
17 14 9 10 -11 13 -15 17 18 -19 0
17 14 9 10 11 -13 -15 17 18 -19 0
17 14 -9 10 11 13 15 -17 18 -19 0
17 14 9 -10 11 13 15 -17 18 -19 0
17 14 9 10 -11 13 15 -17 18 -19 0
17 14 9 10 11 -13 15 -17 18 -19 0
17 14 9 10 11 13 -15 -17 18 -19 0
17 14 -9 10 11 13 15 17 -18 -19 0
17 14 9 -10 11 13 15 17 -18 -19 0
17 14 9 10 -11 13 15 17 -18 -19 0
17 14 9 10 11 -13 15 17 -18 -19 0
17 14 9 10 11 13 -15 17 -18 -19 0
17 14 9 10 11 13 15 -17 -18 -19 0
17 10 11 12 14 16 18 19 0
17 10 11 12 14 16 18 20 0
17 10 11 12 14 16 19 20 0
17 10 11 12 14 18 19 20 0
17 10 11 12 16 18 19 20 0
17 10 11 14 16 18 19 20 0
17 10 12 14 16 18 19 20 0
17 11 12 14 16 18 19 20 0
17 15 -10 -11 12 14 16 18 19 20 0
17 15 -10 11 -12 14 16 18 19 20 0
17 15 10 -11 -12 14 16 18 19 20 0
17 15 -10 11 12 -14 16 18 19 20 0
17 15 10 -11 12 -14 16 18 19 20 0
17 15 10 11 -12 -14 16 18 19 20 0
17 15 -10 11 12 14 -16 18 19 20 0
17 15 10 -11 12 14 -16 18 19 20 0
17 15 10 11 -12 14 -16 18 19 20 0
17 15 10 11 12 -14 -16 18 19 20 0
17 15 -10 11 12 14 16 -18 19 20 0
17 15 10 -11 12 14 16 -18 19 20 0
17 15 10 11 -12 14 16 -18 19 20 0
17 15 10 11 12 -14 16 -18 19 20 0
17 15 10 11 12 14 -16 -18 19 20 0
17 15 -10 11 12 14 16 18 -19 20 0
17 15 10 -11 12 14 16 18 -19 20 0
17 15 10 11 -12 14 16 18 -19 20 0
17 15 10 11 12 -14 16 18 -19 20 0
17 15 10 11 12 14 -16 18 -19 20 0
17 15 10 11 12 14 16 -18 -19 20 0
17 15 -10 11 12 14 16 18 19 -20 0
17 15 10 -11 12 14 16 18 19 -20 0
17 15 10 11 -12 14 16 18 19 -20 0
17 15 10 11 12 -14 16 18 19 -20 0
17 15 10 11 12 14 -16 18 19 -20 0
17 15 10 11 12 14 16 -18 19 -20 0
17 15 10 11 12 14 16 18 -19 -20 0
17 -10 -11 -12 -14 0
17 -10 -11 -12 -16 0
17 -10 -11 -14 -16 0
17 -10 -12 -14 -16 0
17 -11 -12 -14 -16 0
17 -10 -11 -12 -18 0
17 -10 -11 -14 -18 0
17 -10 -12 -14 -18 0
17 -11 -12 -14 -18 0
17 -10 -11 -16 -18 0
17 -10 -12 -16 -18 0
17 -11 -12 -16 -18 0
17 -10 -14 -16 -18 0
17 -11 -14 -16 -18 0
17 -12 -14 -16 -18 0
17 -10 -11 -12 -19 0
17 -10 -11 -14 -19 0
17 -10 -12 -14 -19 0
17 -11 -12 -14 -19 0
17 -10 -11 -16 -19 0
17 -10 -12 -16 -19 0
17 -11 -12 -16 -19 0
17 -10 -14 -16 -19 0
17 -11 -14 -16 -19 0
17 -12 -14 -16 -19 0
17 -10 -11 -18 -19 0
17 -10 -12 -18 -19 0
17 -11 -12 -18 -19 0
17 -10 -14 -18 -19 0
17 -11 -14 -18 -19 0
17 -12 -14 -18 -19 0
17 -10 -16 -18 -19 0
17 -11 -16 -18 -19 0
17 -12 -16 -18 -19 0
17 -14 -16 -18 -19 0
17 -10 -11 -12 -20 0
17 -10 -11 -14 -20 0
17 -10 -12 -14 -20 0
17 -11 -12 -14 -20 0
17 -10 -11 -16 -20 0
17 -10 -12 -16 -20 0
17 -11 -12 -16 -20 0
17 -10 -14 -16 -20 0
17 -11 -14 -16 -20 0
17 -12 -14 -16 -20 0
17 -10 -11 -18 -20 0
17 -10 -12 -18 -20 0
17 -11 -12 -18 -20 0
17 -10 -14 -18 -20 0
17 -11 -14 -18 -20 0
17 -12 -14 -18 -20 0
17 -10 -16 -18 -20 0
17 -11 -16 -18 -20 0
17 -12 -16 -18 -20 0
17 -14 -16 -18 -20 0
17 -10 -11 -19 -20 0
17 -10 -12 -19 -20 0
17 -11 -12 -19 -20 0
17 -10 -14 -19 -20 0
17 -11 -14 -19 -20 0
17 -12 -14 -19 -20 0
17 -10 -16 -19 -20 0
17 -11 -16 -19 -20 0
17 -12 -16 -19 -20 0
17 -14 -16 -19 -20 0
17 -10 -18 -19 -20 0
17 -11 -18 -19 -20 0
17 -12 -18 -19 -20 0
17 -14 -18 -19 -20 0
17 -16 -18 -19 -20 0
17 -16 -11 -12 13 15 17 19 20 21 0
17 -16 -11 12 -13 15 17 19 20 21 0
17 -16 11 -12 -13 15 17 19 20 21 0
17 -16 -11 12 13 -15 17 19 20 21 0
17 -16 11 -12 13 -15 17 19 20 21 0
17 -16 11 12 -13 -15 17 19 20 21 0
17 -16 -11 12 13 15 -17 19 20 21 0
17 -16 11 -12 13 15 -17 19 20 21 0
17 -16 11 12 -13 15 -17 19 20 21 0
17 -16 11 12 13 -15 -17 19 20 21 0
17 -16 -11 12 13 15 17 -19 20 21 0
17 -16 11 -12 13 15 17 -19 20 21 0
17 -16 11 12 -13 15 17 -19 20 21 0
17 -16 11 12 13 -15 17 -19 20 21 0
17 -16 11 12 13 15 -17 -19 20 21 0
17 -16 -11 12 13 15 17 19 -20 21 0
17 -16 11 -12 13 15 17 19 -20 21 0
17 -16 11 12 -13 15 17 19 -20 21 0
17 -16 11 12 13 -15 17 19 -20 21 0
17 -16 11 12 13 15 -17 19 -20 21 0
17 -16 11 12 13 15 17 -19 -20 21 0
17 -16 -11 12 13 15 17 19 20 -21 0
17 -16 11 -12 13 15 17 19 20 -21 0
17 -16 11 12 -13 15 17 19 20 -21 0
17 -16 11 12 13 -15 17 19 20 -21 0
17 -16 11 12 13 15 -17 19 20 -21 0
17 -16 11 12 13 15 17 -19 20 -21 0
17 -16 11 12 13 15 17 19 -20 -21 0
17 16 -11 -12 -13 15 17 19 20 21 0
17 16 -11 -12 13 -15 17 19 20 21 0
17 16 -11 12 -13 -15 17 19 20 21 0
17 16 11 -12 -13 -15 17 19 20 21 0
17 16 -11 -12 13 15 -17 19 20 21 0
17 16 -11 12 -13 15 -17 19 20 21 0
17 16 11 -12 -13 15 -17 19 20 21 0
17 16 -11 12 13 -15 -17 19 20 21 0
17 16 11 -12 13 -15 -17 19 20 21 0
17 16 11 12 -13 -15 -17 19 20 21 0
17 16 -11 -12 13 15 17 -19 20 21 0
17 16 -11 12 -13 15 17 -19 20 21 0
17 16 11 -12 -13 15 17 -19 20 21 0
17 16 -11 12 13 -15 17 -19 20 21 0
17 16 11 -12 13 -15 17 -19 20 21 0
17 16 11 12 -13 -15 17 -19 20 21 0
17 16 -11 12 13 15 -17 -19 20 21 0
17 16 11 -12 13 15 -17 -19 20 21 0
17 16 11 12 -13 15 -17 -19 20 21 0
17 16 11 12 13 -15 -17 -19 20 21 0
17 16 -11 -12 13 15 17 19 -20 21 0
17 16 -11 12 -13 15 17 19 -20 21 0
17 16 11 -12 -13 15 17 19 -20 21 0
17 16 -11 12 13 -15 17 19 -20 21 0
17 16 11 -12 13 -15 17 19 -20 21 0
17 16 11 12 -13 -15 17 19 -20 21 0
17 16 -11 12 13 15 -17 19 -20 21 0
17 16 11 -12 13 15 -17 19 -20 21 0
17 16 11 12 -13 15 -17 19 -20 21 0
17 16 11 12 13 -15 -17 19 -20 21 0
17 16 -11 12 13 15 17 -19 -20 21 0
17 16 11 -12 13 15 17 -19 -20 21 0
17 16 11 12 -13 15 17 -19 -20 21 0
17 16 11 12 13 -15 17 -19 -20 21 0
17 16 11 12 13 15 -17 -19 -20 21 0
17 16 -11 -12 13 15 17 19 20 -21 0
17 16 -11 12 -13 15 17 19 20 -21 0
17 16 11 -12 -13 15 17 19 20 -21 0
17 16 -11 12 13 -15 17 19 20 -21 0
17 16 11 -12 13 -15 17 19 20 -21 0
17 16 11 12 -13 -15 17 19 20 -21 0
17 16 -11 12 13 15 -17 19 20 -21 0
17 16 11 -12 13 15 -17 19 20 -21 0
17 16 11 12 -13 15 -17 19 20 -21 0
17 16 11 12 13 -15 -17 19 20 -21 0
17 16 -11 12 13 15 17 -19 20 -21 0
17 16 11 -12 13 15 17 -19 20 -21 0
17 16 11 12 -13 15 17 -19 20 -21 0
17 16 11 12 13 -15 17 -19 20 -21 0
17 16 11 12 13 15 -17 -19 20 -21 0
17 16 -11 12 13 15 17 19 -20 -21 0
17 16 11 -12 13 15 17 19 -20 -21 0
17 16 11 12 -13 15 17 19 -20 -21 0
17 16 11 12 13 -15 17 19 -20 -21 0
17 16 11 12 13 15 -17 19 -20 -21 0
17 16 11 12 13 15 17 -19 -20 -21 0
